 time            v(in)           v(out)         
 0.00000000e+00  0.00000000e+00  0.00000000e+00 
 1.00000000e-07  0.00000000e+00  0.00000000e+00 
 2.00000000e-07  0.00000000e+00  0.00000000e+00 
 4.00000000e-07  0.00000000e+00  0.00000000e+00 
 8.00000000e-07  0.00000000e+00  0.00000000e+00 
 1.60000000e-06  0.00000000e+00  0.00000000e+00 
 3.20000000e-06  0.00000000e+00  0.00000000e+00 
 6.40000000e-06  0.00000000e+00  0.00000000e+00 
 1.28000000e-05  0.00000000e+00  0.00000000e+00 
 2.28000000e-05  0.00000000e+00  0.00000000e+00 
 3.28000000e-05  0.00000000e+00  0.00000000e+00 
 4.28000000e-05  0.00000000e+00  0.00000000e+00 
 5.28000000e-05  0.00000000e+00  0.00000000e+00 
 6.28000000e-05  0.00000000e+00  0.00000000e+00 
 7.28000000e-05  0.00000000e+00  0.00000000e+00 
 8.28000000e-05  0.00000000e+00  0.00000000e+00 
 9.28000000e-05  0.00000000e+00  0.00000000e+00 
 1.02800000e-04  0.00000000e+00  0.00000000e+00 
 1.12800000e-04  0.00000000e+00  0.00000000e+00 
 1.22800000e-04  0.00000000e+00  0.00000000e+00 
 1.32800000e-04  0.00000000e+00  0.00000000e+00 
 1.42800000e-04  0.00000000e+00  0.00000000e+00 
 1.52800000e-04  0.00000000e+00  0.00000000e+00 
 1.62800000e-04  0.00000000e+00  0.00000000e+00 
 1.72800000e-04  0.00000000e+00  0.00000000e+00 
 1.82800000e-04  0.00000000e+00  0.00000000e+00 
 1.92800000e-04  0.00000000e+00  0.00000000e+00 
 2.02800000e-04  0.00000000e+00  0.00000000e+00 
 2.12800000e-04  0.00000000e+00  0.00000000e+00 
 2.22800000e-04  0.00000000e+00  0.00000000e+00 
 2.32800000e-04  0.00000000e+00  0.00000000e+00 
 2.42800000e-04  0.00000000e+00  0.00000000e+00 
 2.52800000e-04  0.00000000e+00  0.00000000e+00 
 2.62800000e-04  0.00000000e+00  0.00000000e+00 
 2.72800000e-04  0.00000000e+00  0.00000000e+00 
 2.82800000e-04  0.00000000e+00  0.00000000e+00 
 2.92800000e-04  0.00000000e+00  0.00000000e+00 
 3.02800000e-04  0.00000000e+00  0.00000000e+00 
 3.12800000e-04  0.00000000e+00  0.00000000e+00 
 3.22800000e-04  0.00000000e+00  0.00000000e+00 
 3.32800000e-04  0.00000000e+00  0.00000000e+00 
 3.42800000e-04  0.00000000e+00  0.00000000e+00 
 3.52800000e-04  0.00000000e+00  0.00000000e+00 
 3.62800000e-04  0.00000000e+00  0.00000000e+00 
 3.72800000e-04  0.00000000e+00  0.00000000e+00 
 3.82800000e-04  0.00000000e+00  0.00000000e+00 
 3.92800000e-04  0.00000000e+00  0.00000000e+00 
 4.02800000e-04  0.00000000e+00  0.00000000e+00 
 4.12800000e-04  0.00000000e+00  0.00000000e+00 
 4.22800000e-04  0.00000000e+00  0.00000000e+00 
 4.32800000e-04  0.00000000e+00  0.00000000e+00 
 4.42800000e-04  0.00000000e+00  0.00000000e+00 
 4.52800000e-04  0.00000000e+00  0.00000000e+00 
 4.62800000e-04  0.00000000e+00  0.00000000e+00 
 4.72800000e-04  0.00000000e+00  0.00000000e+00 
 4.82800000e-04  0.00000000e+00  0.00000000e+00 
 4.92800000e-04  0.00000000e+00  0.00000000e+00 
 5.02800000e-04  0.00000000e+00  0.00000000e+00 
 5.12800000e-04  0.00000000e+00  0.00000000e+00 
 5.22800000e-04  0.00000000e+00  0.00000000e+00 
 5.32800000e-04  0.00000000e+00  0.00000000e+00 
 5.42800000e-04  0.00000000e+00  0.00000000e+00 
 5.52800000e-04  0.00000000e+00  0.00000000e+00 
 5.62800000e-04  0.00000000e+00  0.00000000e+00 
 5.72800000e-04  0.00000000e+00  0.00000000e+00 
 5.82800000e-04  0.00000000e+00  0.00000000e+00 
 5.92800000e-04  0.00000000e+00  0.00000000e+00 
 6.02800000e-04  0.00000000e+00  0.00000000e+00 
 6.12800000e-04  0.00000000e+00  0.00000000e+00 
 6.22800000e-04  0.00000000e+00  0.00000000e+00 
 6.32800000e-04  0.00000000e+00  0.00000000e+00 
 6.42800000e-04  0.00000000e+00  0.00000000e+00 
 6.52800000e-04  0.00000000e+00  0.00000000e+00 
 6.62800000e-04  0.00000000e+00  0.00000000e+00 
 6.72800000e-04  0.00000000e+00  0.00000000e+00 
 6.82800000e-04  0.00000000e+00  0.00000000e+00 
 6.92800000e-04  0.00000000e+00  0.00000000e+00 
 7.02800000e-04  0.00000000e+00  0.00000000e+00 
 7.12800000e-04  0.00000000e+00  0.00000000e+00 
 7.22800000e-04  0.00000000e+00  0.00000000e+00 
 7.32800000e-04  0.00000000e+00  0.00000000e+00 
 7.42800000e-04  0.00000000e+00  0.00000000e+00 
 7.52800000e-04  0.00000000e+00  0.00000000e+00 
 7.62800000e-04  0.00000000e+00  0.00000000e+00 
 7.72800000e-04  0.00000000e+00  0.00000000e+00 
 7.82800000e-04  0.00000000e+00  0.00000000e+00 
 7.92800000e-04  0.00000000e+00  0.00000000e+00 
 8.02800000e-04  0.00000000e+00  0.00000000e+00 
 8.12800000e-04  0.00000000e+00  0.00000000e+00 
 8.22800000e-04  0.00000000e+00  0.00000000e+00 
 8.32800000e-04  0.00000000e+00  0.00000000e+00 
 8.42800000e-04  0.00000000e+00  0.00000000e+00 
 8.52800000e-04  0.00000000e+00  0.00000000e+00 
 8.62800000e-04  0.00000000e+00  0.00000000e+00 
 8.72800000e-04  0.00000000e+00  0.00000000e+00 
 8.82800000e-04  0.00000000e+00  0.00000000e+00 
 8.92800000e-04  0.00000000e+00  0.00000000e+00 
 9.02800000e-04  0.00000000e+00  0.00000000e+00 
 9.12800000e-04  0.00000000e+00  0.00000000e+00 
 9.22800000e-04  0.00000000e+00  0.00000000e+00 
 9.32800000e-04  0.00000000e+00  0.00000000e+00 
 9.42800000e-04  0.00000000e+00  0.00000000e+00 
 9.52800000e-04  0.00000000e+00  0.00000000e+00 
 9.62800000e-04  0.00000000e+00  0.00000000e+00 
 9.72800000e-04  0.00000000e+00  0.00000000e+00 
 9.82800000e-04  0.00000000e+00  0.00000000e+00 
 9.91400000e-04  0.00000000e+00  0.00000000e+00 
 1.00000000e-03  0.00000000e+00  0.00000000e+00 
 1.00010000e-03  5.00000000e-01  4.99950005e-05 
 1.00030000e-03  1.50000000e+00  2.49965004e-04 
 1.00065000e-03  3.25000000e+00  1.08098209e-03 
 1.00100000e-03  5.00000000e+00  2.52410120e-03 
 1.00104615e-03  5.00000000e+00  2.75474647e-03 
 1.00113846e-03  5.00000000e+00  3.21601573e-03 
 1.00132308e-03  5.00000000e+00  4.13842651e-03 
 1.00169232e-03  5.00000000e+00  5.98273730e-03 
 1.00243079e-03  5.00000000e+00  9.66931667e-03 
 1.00390773e-03  5.00000000e+00  1.70343141e-02 
 1.00686162e-03  5.00000000e+00  3.17317241e-02 
 1.01276939e-03  5.00000000e+00  6.09966842e-02 
 1.02276939e-03  5.00000000e+00  1.10140996e-01 
 1.03276939e-03  5.00000000e+00  1.58796309e-01 
 1.04276939e-03  5.00000000e+00  2.06967490e-01 
 1.05276939e-03  5.00000000e+00  2.54659356e-01 
 1.06276939e-03  5.00000000e+00  3.01876676e-01 
 1.07276939e-03  5.00000000e+00  3.48624172e-01 
 1.08276939e-03  5.00000000e+00  3.94906518e-01 
 1.09276939e-03  5.00000000e+00  4.40728344e-01 
 1.10276939e-03  5.00000000e+00  4.86094231e-01 
 1.11276939e-03  5.00000000e+00  5.31008716e-01 
 1.12276939e-03  5.00000000e+00  5.75476291e-01 
 1.13276939e-03  5.00000000e+00  6.19501403e-01 
 1.14276939e-03  5.00000000e+00  6.63088454e-01 
 1.15276939e-03  5.00000000e+00  7.06241802e-01 
 1.16276939e-03  5.00000000e+00  7.48965764e-01 
 1.17276939e-03  5.00000000e+00  7.91264613e-01 
 1.18276939e-03  5.00000000e+00  8.33142577e-01 
 1.19276939e-03  5.00000000e+00  8.74603844e-01 
 1.20276939e-03  5.00000000e+00  9.15652562e-01 
 1.21276939e-03  5.00000000e+00  9.56292835e-01 
 1.22276939e-03  5.00000000e+00  9.96528728e-01 
 1.23276939e-03  5.00000000e+00  1.03636426e+00 
 1.24276939e-03  5.00000000e+00  1.07580342e+00 
 1.25276939e-03  5.00000000e+00  1.11485016e+00 
 1.26276939e-03  5.00000000e+00  1.15350836e+00 
 1.27276939e-03  5.00000000e+00  1.19178191e+00 
 1.28276939e-03  5.00000000e+00  1.22967463e+00 
 1.29276939e-03  5.00000000e+00  1.26719030e+00 
 1.30276939e-03  5.00000000e+00  1.30433269e+00 
 1.31276939e-03  5.00000000e+00  1.34110550e+00 
 1.32276939e-03  5.00000000e+00  1.37751241e+00 
 1.33276939e-03  5.00000000e+00  1.41355706e+00 
 1.34276939e-03  5.00000000e+00  1.44924306e+00 
 1.35276939e-03  5.00000000e+00  1.48457398e+00 
 1.36276939e-03  5.00000000e+00  1.51955334e+00 
 1.37276939e-03  5.00000000e+00  1.55418465e+00 
 1.38276939e-03  5.00000000e+00  1.58847137e+00 
 1.39276939e-03  5.00000000e+00  1.62241693e+00 
 1.40276939e-03  5.00000000e+00  1.65602472e+00 
 1.41276939e-03  5.00000000e+00  1.68929811e+00 
 1.42276939e-03  5.00000000e+00  1.72224041e+00 
 1.43276939e-03  5.00000000e+00  1.75485494e+00 
 1.44276939e-03  5.00000000e+00  1.78714494e+00 
 1.45276939e-03  5.00000000e+00  1.81911364e+00 
 1.46276939e-03  5.00000000e+00  1.85076425e+00 
 1.47276939e-03  5.00000000e+00  1.88209993e+00 
 1.48276939e-03  5.00000000e+00  1.91312382e+00 
 1.49276939e-03  5.00000000e+00  1.94383900e+00 
 1.50276939e-03  5.00000000e+00  1.97424856e+00 
 1.51276939e-03  5.00000000e+00  2.00435554e+00 
 1.52276939e-03  5.00000000e+00  2.03416295e+00 
 1.53276939e-03  5.00000000e+00  2.06367377e+00 
 1.54276939e-03  5.00000000e+00  2.09289094e+00 
 1.55276939e-03  5.00000000e+00  2.12181740e+00 
 1.56276939e-03  5.00000000e+00  2.15045603e+00 
 1.57276939e-03  5.00000000e+00  2.17880971e+00 
 1.58276939e-03  5.00000000e+00  2.20688125e+00 
 1.59276939e-03  5.00000000e+00  2.23467348e+00 
 1.60276939e-03  5.00000000e+00  2.26218916e+00 
 1.61276939e-03  5.00000000e+00  2.28943106e+00 
 1.62276939e-03  5.00000000e+00  2.31640190e+00 
 1.63276939e-03  5.00000000e+00  2.34310437e+00 
 1.64276939e-03  5.00000000e+00  2.36954114e+00 
 1.65276939e-03  5.00000000e+00  2.39571486e+00 
 1.66276939e-03  5.00000000e+00  2.42162814e+00 
 1.67276939e-03  5.00000000e+00  2.44728359e+00 
 1.68276939e-03  5.00000000e+00  2.47268375e+00 
 1.69276939e-03  5.00000000e+00  2.49783117e+00 
 1.70276939e-03  5.00000000e+00  2.52272838e+00 
 1.71276939e-03  5.00000000e+00  2.54737785e+00 
 1.72276939e-03  5.00000000e+00  2.57178205e+00 
 1.73276939e-03  5.00000000e+00  2.59594342e+00 
 1.74276939e-03  5.00000000e+00  2.61986438e+00 
 1.75276939e-03  5.00000000e+00  2.64354732e+00 
 1.76276939e-03  5.00000000e+00  2.66699461e+00 
 1.77276939e-03  5.00000000e+00  2.69020860e+00 
 1.78276939e-03  5.00000000e+00  2.71319159e+00 
 1.79276939e-03  5.00000000e+00  2.73594591e+00 
 1.80276939e-03  5.00000000e+00  2.75847381e+00 
 1.81276939e-03  5.00000000e+00  2.78077755e+00 
 1.82276939e-03  5.00000000e+00  2.80285937e+00 
 1.83276939e-03  5.00000000e+00  2.82472146e+00 
 1.84276939e-03  5.00000000e+00  2.84636603e+00 
 1.85276939e-03  5.00000000e+00  2.86779522e+00 
 1.86276939e-03  5.00000000e+00  2.88901119e+00 
 1.87276939e-03  5.00000000e+00  2.91001605e+00 
 1.88276939e-03  5.00000000e+00  2.93081191e+00 
 1.89276939e-03  5.00000000e+00  2.95140085e+00 
 1.90276939e-03  5.00000000e+00  2.97178492e+00 
 1.91276939e-03  5.00000000e+00  2.99196616e+00 
 1.92276939e-03  5.00000000e+00  3.01194660e+00 
 1.93276939e-03  5.00000000e+00  3.03172823e+00 
 1.94276939e-03  5.00000000e+00  3.05131302e+00 
 1.95276939e-03  5.00000000e+00  3.07070294e+00 
 1.96276939e-03  5.00000000e+00  3.08989992e+00 
 1.97276939e-03  5.00000000e+00  3.10890590e+00 
 1.98276939e-03  5.00000000e+00  3.12772275e+00 
 1.99276939e-03  5.00000000e+00  3.14635238e+00 
 2.00276939e-03  5.00000000e+00  3.16479663e+00 
 2.01276939e-03  5.00000000e+00  3.18305736e+00 
 2.02276939e-03  5.00000000e+00  3.20113639e+00 
 2.03276939e-03  5.00000000e+00  3.21903553e+00 
 2.04276939e-03  5.00000000e+00  3.23675657e+00 
 2.05276939e-03  5.00000000e+00  3.25430128e+00 
 2.06276939e-03  5.00000000e+00  3.27167142e+00 
 2.07276939e-03  5.00000000e+00  3.28886872e+00 
 2.08276939e-03  5.00000000e+00  3.30589490e+00 
 2.09276939e-03  5.00000000e+00  3.32275167e+00 
 2.10276939e-03  5.00000000e+00  3.33944071e+00 
 2.11276939e-03  5.00000000e+00  3.35596368e+00 
 2.12276939e-03  5.00000000e+00  3.37232225e+00 
 2.13276939e-03  5.00000000e+00  3.38851805e+00 
 2.14276939e-03  5.00000000e+00  3.40455270e+00 
 2.15276939e-03  5.00000000e+00  3.42042780e+00 
 2.16276939e-03  5.00000000e+00  3.43614493e+00 
 2.17276939e-03  5.00000000e+00  3.45170568e+00 
 2.18276939e-03  5.00000000e+00  3.46711159e+00 
 2.19276939e-03  5.00000000e+00  3.48236421e+00 
 2.20276939e-03  5.00000000e+00  3.49746507e+00 
 2.21276939e-03  5.00000000e+00  3.51241566e+00 
 2.22276939e-03  5.00000000e+00  3.52721750e+00 
 2.23276939e-03  5.00000000e+00  3.54187205e+00 
 2.24276939e-03  5.00000000e+00  3.55638079e+00 
 2.25276939e-03  5.00000000e+00  3.57074516e+00 
 2.26276939e-03  5.00000000e+00  3.58496660e+00 
 2.27276939e-03  5.00000000e+00  3.59904653e+00 
 2.28276939e-03  5.00000000e+00  3.61298637e+00 
 2.29276939e-03  5.00000000e+00  3.62678750e+00 
 2.30276939e-03  5.00000000e+00  3.64045131e+00 
 2.31276939e-03  5.00000000e+00  3.65397915e+00 
 2.32276939e-03  5.00000000e+00  3.66737240e+00 
 2.33276939e-03  5.00000000e+00  3.68063237e+00 
 2.34276939e-03  5.00000000e+00  3.69376041e+00 
 2.35276939e-03  5.00000000e+00  3.70675782e+00 
 2.36276939e-03  5.00000000e+00  3.71962590e+00 
 2.37276939e-03  5.00000000e+00  3.73236594e+00 
 2.38276939e-03  5.00000000e+00  3.74497921e+00 
 2.39276939e-03  5.00000000e+00  3.75746698e+00 
 2.40276939e-03  5.00000000e+00  3.76983049e+00 
 2.41276939e-03  5.00000000e+00  3.78207099e+00 
 2.42276939e-03  5.00000000e+00  3.79418968e+00 
 2.43276939e-03  5.00000000e+00  3.80618780e+00 
 2.44276939e-03  5.00000000e+00  3.81806652e+00 
 2.45276939e-03  5.00000000e+00  3.82982706e+00 
 2.46276939e-03  5.00000000e+00  3.84147057e+00 
 2.47276939e-03  5.00000000e+00  3.85299822e+00 
 2.48276939e-03  5.00000000e+00  3.86441118e+00 
 2.49276939e-03  5.00000000e+00  3.87571057e+00 
 2.50276939e-03  5.00000000e+00  3.88689753e+00 
 2.51276939e-03  5.00000000e+00  3.89797317e+00 
 2.52276939e-03  5.00000000e+00  3.90893862e+00 
 2.53276939e-03  5.00000000e+00  3.91979495e+00 
 2.54276939e-03  5.00000000e+00  3.93054326e+00 
 2.55276939e-03  5.00000000e+00  3.94118462e+00 
 2.56276939e-03  5.00000000e+00  3.95172009e+00 
 2.57276939e-03  5.00000000e+00  3.96215074e+00 
 2.58276939e-03  5.00000000e+00  3.97247760e+00 
 2.59276939e-03  5.00000000e+00  3.98270170e+00 
 2.60276939e-03  5.00000000e+00  3.99282407e+00 
 2.61276939e-03  5.00000000e+00  4.00284572e+00 
 2.62276939e-03  5.00000000e+00  4.01276766e+00 
 2.63276939e-03  5.00000000e+00  4.02259086e+00 
 2.64276939e-03  5.00000000e+00  4.03231633e+00 
 2.65276939e-03  5.00000000e+00  4.04194502e+00 
 2.66276939e-03  5.00000000e+00  4.05147791e+00 
 2.67276939e-03  5.00000000e+00  4.06091594e+00 
 2.68276939e-03  5.00000000e+00  4.07026006e+00 
 2.69276939e-03  5.00000000e+00  4.07951120e+00 
 2.70276939e-03  5.00000000e+00  4.08867029e+00 
 2.71276939e-03  5.00000000e+00  4.09773825e+00 
 2.72276939e-03  5.00000000e+00  4.10671598e+00 
 2.73276939e-03  5.00000000e+00  4.11560438e+00 
 2.74276939e-03  5.00000000e+00  4.12440433e+00 
 2.75276939e-03  5.00000000e+00  4.13311673e+00 
 2.76276939e-03  5.00000000e+00  4.14174243e+00 
 2.77276939e-03  5.00000000e+00  4.15028231e+00 
 2.78276939e-03  5.00000000e+00  4.15873721e+00 
 2.79276939e-03  5.00000000e+00  4.16710799e+00 
 2.80276939e-03  5.00000000e+00  4.17539547e+00 
 2.81276939e-03  5.00000000e+00  4.18360049e+00 
 2.82276939e-03  5.00000000e+00  4.19172387e+00 
 2.83276939e-03  5.00000000e+00  4.19976642e+00 
 2.84276939e-03  5.00000000e+00  4.20772894e+00 
 2.85276939e-03  5.00000000e+00  4.21561223e+00 
 2.86276939e-03  5.00000000e+00  4.22341709e+00 
 2.87276939e-03  5.00000000e+00  4.23114428e+00 
 2.88276939e-03  5.00000000e+00  4.23879459e+00 
 2.89276939e-03  5.00000000e+00  4.24636877e+00 
 2.90276939e-03  5.00000000e+00  4.25386759e+00 
 2.91276939e-03  5.00000000e+00  4.26129179e+00 
 2.92276939e-03  5.00000000e+00  4.26864212e+00 
 2.93276939e-03  5.00000000e+00  4.27591931e+00 
 2.94276939e-03  5.00000000e+00  4.28312410e+00 
 2.95276939e-03  5.00000000e+00  4.29025719e+00 
 2.96276939e-03  5.00000000e+00  4.29731931e+00 
 2.97276939e-03  5.00000000e+00  4.30431116e+00 
 2.98276939e-03  5.00000000e+00  4.31123343e+00 
 2.99276939e-03  5.00000000e+00  4.31808683e+00 
 3.00276939e-03  5.00000000e+00  4.32487204e+00 
 3.01276939e-03  5.00000000e+00  4.33158973e+00 
 3.02276939e-03  5.00000000e+00  4.33824058e+00 
 3.03276939e-03  5.00000000e+00  4.34482525e+00 
 3.04276939e-03  5.00000000e+00  4.35134440e+00 
 3.05276939e-03  5.00000000e+00  4.35779868e+00 
 3.06276939e-03  5.00000000e+00  4.36418875e+00 
 3.07276939e-03  5.00000000e+00  4.37051523e+00 
 3.08276939e-03  5.00000000e+00  4.37677876e+00 
 3.09276939e-03  5.00000000e+00  4.38297996e+00 
 3.10276939e-03  5.00000000e+00  4.38911947e+00 
 3.11276939e-03  5.00000000e+00  4.39519788e+00 
 3.12276939e-03  5.00000000e+00  4.40121581e+00 
 3.13276939e-03  5.00000000e+00  4.40717386e+00 
 3.14276939e-03  5.00000000e+00  4.41307263e+00 
 3.15276939e-03  5.00000000e+00  4.41891270e+00 
 3.16276939e-03  5.00000000e+00  4.42469467e+00 
 3.17276939e-03  5.00000000e+00  4.43041910e+00 
 3.18276939e-03  5.00000000e+00  4.43608657e+00 
 3.19276939e-03  5.00000000e+00  4.44169765e+00 
 3.20276939e-03  5.00000000e+00  4.44725290e+00 
 3.21276939e-03  5.00000000e+00  4.45275287e+00 
 3.22276939e-03  5.00000000e+00  4.45819811e+00 
 3.23276939e-03  5.00000000e+00  4.46358918e+00 
 3.24276939e-03  5.00000000e+00  4.46892660e+00 
 3.25276939e-03  5.00000000e+00  4.47421091e+00 
 3.26276939e-03  5.00000000e+00  4.47944264e+00 
 3.27276939e-03  5.00000000e+00  4.48462232e+00 
 3.28276939e-03  5.00000000e+00  4.48975045e+00 
 3.29276939e-03  5.00000000e+00  4.49482756e+00 
 3.30276939e-03  5.00000000e+00  4.49985415e+00 
 3.31276939e-03  5.00000000e+00  4.50483073e+00 
 3.32276939e-03  5.00000000e+00  4.50975779e+00 
 3.33276939e-03  5.00000000e+00  4.51463582e+00 
 3.34276939e-03  5.00000000e+00  4.51946531e+00 
 3.35276939e-03  5.00000000e+00  4.52424675e+00 
 3.36276939e-03  5.00000000e+00  4.52898062e+00 
 3.37276939e-03  5.00000000e+00  4.53366738e+00 
 3.38276939e-03  5.00000000e+00  4.53830750e+00 
 3.39276939e-03  5.00000000e+00  4.54290146e+00 
 3.40276939e-03  5.00000000e+00  4.54744970e+00 
 3.41276939e-03  5.00000000e+00  4.55195269e+00 
 3.42276939e-03  5.00000000e+00  4.55641087e+00 
 3.43276939e-03  5.00000000e+00  4.56082469e+00 
 3.44276939e-03  5.00000000e+00  4.56519460e+00 
 3.45276939e-03  5.00000000e+00  4.56952102e+00 
 3.46276939e-03  5.00000000e+00  4.57380439e+00 
 3.47276939e-03  5.00000000e+00  4.57804514e+00 
 3.48276939e-03  5.00000000e+00  4.58224370e+00 
 3.49276939e-03  5.00000000e+00  4.58640048e+00 
 3.50276939e-03  5.00000000e+00  4.59051590e+00 
 3.51276939e-03  5.00000000e+00  4.59459037e+00 
 3.52276939e-03  5.00000000e+00  4.59862429e+00 
 3.53276939e-03  5.00000000e+00  4.60261808e+00 
 3.54276939e-03  5.00000000e+00  4.60657213e+00 
 3.55276939e-03  5.00000000e+00  4.61048683e+00 
 3.56276939e-03  5.00000000e+00  4.61436259e+00 
 3.57276939e-03  5.00000000e+00  4.61819978e+00 
 3.58276939e-03  5.00000000e+00  4.62199878e+00 
 3.59276939e-03  5.00000000e+00  4.62575999e+00 
 3.60276939e-03  5.00000000e+00  4.62948377e+00 
 3.61276939e-03  5.00000000e+00  4.63317050e+00 
 3.62276939e-03  5.00000000e+00  4.63682054e+00 
 3.63276939e-03  5.00000000e+00  4.64043427e+00 
 3.64276939e-03  5.00000000e+00  4.64401204e+00 
 3.65276939e-03  5.00000000e+00  4.64755421e+00 
 3.66276939e-03  5.00000000e+00  4.65106113e+00 
 3.67276939e-03  5.00000000e+00  4.65453316e+00 
 3.68276939e-03  5.00000000e+00  4.65797064e+00 
 3.69276939e-03  5.00000000e+00  4.66137392e+00 
 3.70276939e-03  5.00000000e+00  4.66474333e+00 
 3.71276939e-03  5.00000000e+00  4.66807922e+00 
 3.72276939e-03  5.00000000e+00  4.67138191e+00 
 3.73276939e-03  5.00000000e+00  4.67465174e+00 
 3.74276939e-03  5.00000000e+00  4.67788904e+00 
 3.75276939e-03  5.00000000e+00  4.68109412e+00 
 3.76276939e-03  5.00000000e+00  4.68426732e+00 
 3.77276939e-03  5.00000000e+00  4.68740894e+00 
 3.78276939e-03  5.00000000e+00  4.69051929e+00 
 3.79276939e-03  5.00000000e+00  4.69359870e+00 
 3.80276939e-03  5.00000000e+00  4.69664747e+00 
 3.81276939e-03  5.00000000e+00  4.69966591e+00 
 3.82276939e-03  5.00000000e+00  4.70265431e+00 
 3.83276939e-03  5.00000000e+00  4.70561297e+00 
 3.84276939e-03  5.00000000e+00  4.70854219e+00 
 3.85276939e-03  5.00000000e+00  4.71144227e+00 
 3.86276939e-03  5.00000000e+00  4.71431349e+00 
 3.87276939e-03  5.00000000e+00  4.71715614e+00 
 3.88276939e-03  5.00000000e+00  4.71997051e+00 
 3.89276939e-03  5.00000000e+00  4.72275687e+00 
 3.90276939e-03  5.00000000e+00  4.72551551e+00 
 3.91276939e-03  5.00000000e+00  4.72824670e+00 
 3.92276939e-03  5.00000000e+00  4.73095071e+00 
 3.93276939e-03  5.00000000e+00  4.73362782e+00 
 3.94276939e-03  5.00000000e+00  4.73627829e+00 
 3.95276939e-03  5.00000000e+00  4.73890239e+00 
 3.96276939e-03  5.00000000e+00  4.74150037e+00 
 3.97276939e-03  5.00000000e+00  4.74407251e+00 
 3.98276939e-03  5.00000000e+00  4.74661905e+00 
 3.99276939e-03  5.00000000e+00  4.74914025e+00 
 4.00276939e-03  5.00000000e+00  4.75163637e+00 
 4.01276939e-03  5.00000000e+00  4.75410765e+00 
 4.02276939e-03  5.00000000e+00  4.75655434e+00 
 4.03276939e-03  5.00000000e+00  4.75897669e+00 
 4.04276939e-03  5.00000000e+00  4.76137493e+00 
 4.05276939e-03  5.00000000e+00  4.76374931e+00 
 4.06276939e-03  5.00000000e+00  4.76610006e+00 
 4.07276939e-03  5.00000000e+00  4.76842742e+00 
 4.08276939e-03  5.00000000e+00  4.77073163e+00 
 4.09276939e-03  5.00000000e+00  4.77301291e+00 
 4.10276939e-03  5.00000000e+00  4.77527148e+00 
 4.11276939e-03  5.00000000e+00  4.77750759e+00 
 4.12276939e-03  5.00000000e+00  4.77972144e+00 
 4.13276939e-03  5.00000000e+00  4.78191327e+00 
 4.14276939e-03  5.00000000e+00  4.78408329e+00 
 4.15276939e-03  5.00000000e+00  4.78623171e+00 
 4.16276939e-03  5.00000000e+00  4.78835876e+00 
 4.17276939e-03  5.00000000e+00  4.79046464e+00 
 4.18276939e-03  5.00000000e+00  4.79254957e+00 
 4.19276939e-03  5.00000000e+00  4.79461375e+00 
 4.20276939e-03  5.00000000e+00  4.79665740e+00 
 4.21276939e-03  5.00000000e+00  4.79868071e+00 
 4.22276939e-03  5.00000000e+00  4.80068389e+00 
 4.23276939e-03  5.00000000e+00  4.80266713e+00 
 4.24276939e-03  5.00000000e+00  4.80463064e+00 
 4.25276939e-03  5.00000000e+00  4.80657461e+00 
 4.26276939e-03  5.00000000e+00  4.80849925e+00 
 4.27276939e-03  5.00000000e+00  4.81040473e+00 
 4.28276939e-03  5.00000000e+00  4.81229125e+00 
 4.29276939e-03  5.00000000e+00  4.81415899e+00 
 4.30276939e-03  5.00000000e+00  4.81600816e+00 
 4.31276939e-03  5.00000000e+00  4.81783892e+00 
 4.32276939e-03  5.00000000e+00  4.81965147e+00 
 4.33276939e-03  5.00000000e+00  4.82144598e+00 
 4.34276939e-03  5.00000000e+00  4.82322264e+00 
 4.35276939e-03  5.00000000e+00  4.82498162e+00 
 4.36276939e-03  5.00000000e+00  4.82672310e+00 
 4.37276939e-03  5.00000000e+00  4.82844724e+00 
 4.38276939e-03  5.00000000e+00  4.83015424e+00 
 4.39276939e-03  5.00000000e+00  4.83184424e+00 
 4.40276939e-03  5.00000000e+00  4.83351744e+00 
 4.41276939e-03  5.00000000e+00  4.83517398e+00 
 4.42276939e-03  5.00000000e+00  4.83681404e+00 
 4.43276939e-03  5.00000000e+00  4.83843778e+00 
 4.44276939e-03  5.00000000e+00  4.84004536e+00 
 4.45276939e-03  5.00000000e+00  4.84163695e+00 
 4.46276939e-03  5.00000000e+00  4.84321270e+00 
 4.47276939e-03  5.00000000e+00  4.84477278e+00 
 4.48276939e-03  5.00000000e+00  4.84631733e+00 
 4.49276939e-03  5.00000000e+00  4.84784651e+00 
 4.50276939e-03  5.00000000e+00  4.84936047e+00 
 4.51276939e-03  5.00000000e+00  4.85085937e+00 
 4.52276939e-03  5.00000000e+00  4.85234336e+00 
 4.53276939e-03  5.00000000e+00  4.85381258e+00 
 4.54276939e-03  5.00000000e+00  4.85526718e+00 
 4.55276939e-03  5.00000000e+00  4.85670731e+00 
 4.56276939e-03  5.00000000e+00  4.85813311e+00 
 4.57276939e-03  5.00000000e+00  4.85954472e+00 
 4.58276939e-03  5.00000000e+00  4.86094228e+00 
 4.59276939e-03  5.00000000e+00  4.86232594e+00 
 4.60276939e-03  5.00000000e+00  4.86369583e+00 
 4.61276939e-03  5.00000000e+00  4.86505209e+00 
 4.62276939e-03  5.00000000e+00  4.86639486e+00 
 4.63276939e-03  5.00000000e+00  4.86772426e+00 
 4.64276939e-03  5.00000000e+00  4.86904044e+00 
 4.65276939e-03  5.00000000e+00  4.87034352e+00 
 4.66276939e-03  5.00000000e+00  4.87163363e+00 
 4.67276939e-03  5.00000000e+00  4.87291091e+00 
 4.68276939e-03  5.00000000e+00  4.87417548e+00 
 4.69276939e-03  5.00000000e+00  4.87542746e+00 
 4.70276939e-03  5.00000000e+00  4.87666699e+00 
 4.71276939e-03  5.00000000e+00  4.87789419e+00 
 4.72276939e-03  5.00000000e+00  4.87910917e+00 
 4.73276939e-03  5.00000000e+00  4.88031206e+00 
 4.74276939e-03  5.00000000e+00  4.88150299e+00 
 4.75276939e-03  5.00000000e+00  4.88268206e+00 
 4.76276939e-03  5.00000000e+00  4.88384941e+00 
 4.77276939e-03  5.00000000e+00  4.88500513e+00 
 4.78276939e-03  5.00000000e+00  4.88614936e+00 
 4.79276939e-03  5.00000000e+00  4.88728220e+00 
 4.80276939e-03  5.00000000e+00  4.88840377e+00 
 4.81276939e-03  5.00000000e+00  4.88951418e+00 
 4.82276939e-03  5.00000000e+00  4.89061354e+00 
 4.83276939e-03  5.00000000e+00  4.89170197e+00 
 4.84276939e-03  5.00000000e+00  4.89277956e+00 
 4.85276939e-03  5.00000000e+00  4.89384643e+00 
 4.86276939e-03  5.00000000e+00  4.89490268e+00 
 4.87276939e-03  5.00000000e+00  4.89594843e+00 
 4.88276939e-03  5.00000000e+00  4.89698377e+00 
 4.89276939e-03  5.00000000e+00  4.89800880e+00 
 4.90276939e-03  5.00000000e+00  4.89902364e+00 
 4.91276939e-03  5.00000000e+00  4.90002838e+00 
 4.92276939e-03  5.00000000e+00  4.90102312e+00 
 4.93276939e-03  5.00000000e+00  4.90200797e+00 
 4.94276939e-03  5.00000000e+00  4.90298301e+00 
 4.95276939e-03  5.00000000e+00  4.90394836e+00 
 4.96276939e-03  5.00000000e+00  4.90490409e+00 
 4.97276939e-03  5.00000000e+00  4.90585032e+00 
 4.98276939e-03  5.00000000e+00  4.90678714e+00 
 4.99276939e-03  5.00000000e+00  4.90771463e+00 
 5.00276939e-03  5.00000000e+00  4.90863289e+00 
 5.01276939e-03  5.00000000e+00  4.90954201e+00 
 5.02276939e-03  5.00000000e+00  4.91044209e+00 
 5.03276939e-03  5.00000000e+00  4.91133322e+00 
 5.04276939e-03  5.00000000e+00  4.91221547e+00 
 5.05276939e-03  5.00000000e+00  4.91308895e+00 
 5.06276939e-03  5.00000000e+00  4.91395374e+00 
 5.07276939e-03  5.00000000e+00  4.91480992e+00 
 5.08276939e-03  5.00000000e+00  4.91565758e+00 
 5.09276939e-03  5.00000000e+00  4.91649681e+00 
 5.10276939e-03  5.00000000e+00  4.91732769e+00 
 5.11276939e-03  5.00000000e+00  4.91815030e+00 
 5.12276939e-03  5.00000000e+00  4.91896472e+00 
 5.13276939e-03  5.00000000e+00  4.91977104e+00 
 5.14276939e-03  5.00000000e+00  4.92056934e+00 
 5.15276939e-03  5.00000000e+00  4.92135970e+00 
 5.16276939e-03  5.00000000e+00  4.92214219e+00 
 5.17276939e-03  5.00000000e+00  4.92291689e+00 
 5.18276939e-03  5.00000000e+00  4.92368389e+00 
 5.19276939e-03  5.00000000e+00  4.92444325e+00 
 5.20276939e-03  5.00000000e+00  4.92519506e+00 
 5.21276939e-03  5.00000000e+00  4.92593939e+00 
 5.22276939e-03  5.00000000e+00  4.92667631e+00 
 5.23276939e-03  5.00000000e+00  4.92740590e+00 
 5.24276939e-03  5.00000000e+00  4.92812823e+00 
 5.25276939e-03  5.00000000e+00  4.92884337e+00 
 5.26276939e-03  5.00000000e+00  4.92955140e+00 
 5.27276939e-03  5.00000000e+00  4.93025238e+00 
 5.28276939e-03  5.00000000e+00  4.93094638e+00 
 5.29276939e-03  5.00000000e+00  4.93163348e+00 
 5.30276939e-03  5.00000000e+00  4.93231375e+00 
 5.31276939e-03  5.00000000e+00  4.93298724e+00 
 5.32276939e-03  5.00000000e+00  4.93365404e+00 
 5.33276939e-03  5.00000000e+00  4.93431420e+00 
 5.34276939e-03  5.00000000e+00  4.93496779e+00 
 5.35276939e-03  5.00000000e+00  4.93561487e+00 
 5.36276939e-03  5.00000000e+00  4.93625552e+00 
 5.37276939e-03  5.00000000e+00  4.93688979e+00 
 5.38276939e-03  5.00000000e+00  4.93751776e+00 
 5.39276939e-03  5.00000000e+00  4.93813947e+00 
 5.40276939e-03  5.00000000e+00  4.93875500e+00 
 5.41276939e-03  5.00000000e+00  4.93936440e+00 
 5.42276939e-03  5.00000000e+00  4.93996774e+00 
 5.43276939e-03  5.00000000e+00  4.94056508e+00 
 5.44276939e-03  5.00000000e+00  4.94115647e+00 
 5.45276939e-03  5.00000000e+00  4.94174198e+00 
 5.46276939e-03  5.00000000e+00  4.94232166e+00 
 5.47276939e-03  5.00000000e+00  4.94289557e+00 
 5.48276939e-03  5.00000000e+00  4.94346378e+00 
 5.49276939e-03  5.00000000e+00  4.94402632e+00 
 5.50276939e-03  5.00000000e+00  4.94458328e+00 
 5.51276939e-03  5.00000000e+00  4.94513469e+00 
 5.52276939e-03  5.00000000e+00  4.94568061e+00 
 5.53276939e-03  5.00000000e+00  4.94622110e+00 
 5.54276939e-03  5.00000000e+00  4.94675622e+00 
 5.55276939e-03  5.00000000e+00  4.94728600e+00 
 5.56276939e-03  5.00000000e+00  4.94781052e+00 
 5.57276939e-03  5.00000000e+00  4.94832982e+00 
 5.58276939e-03  5.00000000e+00  4.94884395e+00 
 5.59276939e-03  5.00000000e+00  4.94935297e+00 
 5.60276939e-03  5.00000000e+00  4.94985692e+00 
 5.61276939e-03  5.00000000e+00  4.95035585e+00 
 5.62276939e-03  5.00000000e+00  4.95084982e+00 
 5.63276939e-03  5.00000000e+00  4.95133888e+00 
 5.64276939e-03  5.00000000e+00  4.95182307e+00 
 5.65276939e-03  5.00000000e+00  4.95230244e+00 
 5.66276939e-03  5.00000000e+00  4.95277705e+00 
 5.67276939e-03  5.00000000e+00  4.95324693e+00 
 5.68276939e-03  5.00000000e+00  4.95371213e+00 
 5.69276939e-03  5.00000000e+00  4.95417271e+00 
 5.70276939e-03  5.00000000e+00  4.95462870e+00 
 5.71276939e-03  5.00000000e+00  4.95508016e+00 
 5.72276939e-03  5.00000000e+00  4.95552712e+00 
 5.73276939e-03  5.00000000e+00  4.95596964e+00 
 5.74276939e-03  5.00000000e+00  4.95640775e+00 
 5.75276939e-03  5.00000000e+00  4.95684150e+00 
 5.76276939e-03  5.00000000e+00  4.95727094e+00 
 5.77276939e-03  5.00000000e+00  4.95769610e+00 
 5.78276939e-03  5.00000000e+00  4.95811704e+00 
 5.79276939e-03  5.00000000e+00  4.95853379e+00 
 5.80276939e-03  5.00000000e+00  4.95894638e+00 
 5.81276939e-03  5.00000000e+00  4.95935488e+00 
 5.82276939e-03  5.00000000e+00  4.95975931e+00 
 5.83276939e-03  5.00000000e+00  4.96015971e+00 
 5.84276939e-03  5.00000000e+00  4.96055613e+00 
 5.85276939e-03  5.00000000e+00  4.96094861e+00 
 5.86276939e-03  5.00000000e+00  4.96133718e+00 
 5.87276939e-03  5.00000000e+00  4.96172188e+00 
 5.88276939e-03  5.00000000e+00  4.96210276e+00 
 5.89276939e-03  5.00000000e+00  4.96247985e+00 
 5.90276939e-03  5.00000000e+00  4.96285318e+00 
 5.91276939e-03  5.00000000e+00  4.96322280e+00 
 5.92276939e-03  5.00000000e+00  4.96358875e+00 
 5.93276939e-03  5.00000000e+00  4.96395105e+00 
 5.94276939e-03  5.00000000e+00  4.96430974e+00 
 5.95276939e-03  5.00000000e+00  4.96466487e+00 
 5.96276939e-03  5.00000000e+00  4.96501646e+00 
 5.97276939e-03  5.00000000e+00  4.96536456e+00 
 5.98276939e-03  5.00000000e+00  4.96570919e+00 
 5.99276939e-03  5.00000000e+00  4.96605039e+00 
 6.00276939e-03  5.00000000e+00  4.96638820e+00 
 6.01276939e-03  5.00000000e+00  4.96672264e+00 
 6.02276939e-03  5.00000000e+00  4.96705376e+00 
 6.03276939e-03  5.00000000e+00  4.96738159e+00 
 6.04276939e-03  5.00000000e+00  4.96770615e+00 
 6.05276939e-03  5.00000000e+00  4.96802748e+00 
 6.06276939e-03  5.00000000e+00  4.96834561e+00 
 6.07276939e-03  5.00000000e+00  4.96866058e+00 
 6.08276939e-03  5.00000000e+00  4.96897242e+00 
 6.09276939e-03  5.00000000e+00  4.96928115e+00 
 6.10276939e-03  5.00000000e+00  4.96958681e+00 
 6.11276939e-03  5.00000000e+00  4.96988943e+00 
 6.12276939e-03  5.00000000e+00  4.97018904e+00 
 6.13276939e-03  5.00000000e+00  4.97048566e+00 
 6.14276939e-03  5.00000000e+00  4.97077934e+00 
 6.15276939e-03  5.00000000e+00  4.97107009e+00 
 6.16276939e-03  5.00000000e+00  4.97135795e+00 
 6.17276939e-03  5.00000000e+00  4.97164295e+00 
 6.18276939e-03  5.00000000e+00  4.97192511e+00 
 6.19276939e-03  5.00000000e+00  4.97220446e+00 
 6.20276939e-03  5.00000000e+00  4.97248103e+00 
 6.21276939e-03  5.00000000e+00  4.97275485e+00 
 6.22276939e-03  5.00000000e+00  4.97302595e+00 
 6.23276939e-03  5.00000000e+00  4.97329435e+00 
 6.24276939e-03  5.00000000e+00  4.97356007e+00 
 6.25276939e-03  5.00000000e+00  4.97382316e+00 
 6.26276939e-03  5.00000000e+00  4.97408362e+00 
 6.27276939e-03  5.00000000e+00  4.97434150e+00 
 6.28276939e-03  5.00000000e+00  4.97459681e+00 
 6.29276939e-03  5.00000000e+00  4.97484957e+00 
 6.30276939e-03  5.00000000e+00  4.97509983e+00 
 6.31276939e-03  5.00000000e+00  4.97534759e+00 
 6.32276939e-03  5.00000000e+00  4.97559289e+00 
 6.33276939e-03  5.00000000e+00  4.97583574e+00 
 6.34276939e-03  5.00000000e+00  4.97607618e+00 
 6.35276939e-03  5.00000000e+00  4.97631423e+00 
 6.36276939e-03  5.00000000e+00  4.97654991e+00 
 6.37276939e-03  5.00000000e+00  4.97678325e+00 
 6.38276939e-03  5.00000000e+00  4.97701426e+00 
 6.39276939e-03  5.00000000e+00  4.97724297e+00 
 6.40276939e-03  5.00000000e+00  4.97746941e+00 
 6.41276939e-03  5.00000000e+00  4.97769360e+00 
 6.42276939e-03  5.00000000e+00  4.97791555e+00 
 6.43276939e-03  5.00000000e+00  4.97813530e+00 
 6.44276939e-03  5.00000000e+00  4.97835285e+00 
 6.45276939e-03  5.00000000e+00  4.97856825e+00 
 6.46276939e-03  5.00000000e+00  4.97878150e+00 
 6.47276939e-03  5.00000000e+00  4.97899263e+00 
 6.48276939e-03  5.00000000e+00  4.97920166e+00 
 6.49276939e-03  5.00000000e+00  4.97940861e+00 
 6.50276939e-03  5.00000000e+00  4.97961350e+00 
 6.51276939e-03  5.00000000e+00  4.97981635e+00 
 6.52276939e-03  5.00000000e+00  4.98001718e+00 
 6.53276939e-03  5.00000000e+00  4.98021601e+00 
 6.54276939e-03  5.00000000e+00  4.98041287e+00 
 6.55276939e-03  5.00000000e+00  4.98060777e+00 
 6.56276939e-03  5.00000000e+00  4.98080072e+00 
 6.57276939e-03  5.00000000e+00  4.98099176e+00 
 6.58276939e-03  5.00000000e+00  4.98118090e+00 
 6.59276939e-03  5.00000000e+00  4.98136815e+00 
 6.60276939e-03  5.00000000e+00  4.98155354e+00 
 6.61276939e-03  5.00000000e+00  4.98173709e+00 
 6.62276939e-03  5.00000000e+00  4.98191881e+00 
 6.63276939e-03  5.00000000e+00  4.98209872e+00 
 6.64276939e-03  5.00000000e+00  4.98227685e+00 
 6.65276939e-03  5.00000000e+00  4.98245320e+00 
 6.66276939e-03  5.00000000e+00  4.98262779e+00 
 6.67276939e-03  5.00000000e+00  4.98280065e+00 
 6.68276939e-03  5.00000000e+00  4.98297179e+00 
 6.69276939e-03  5.00000000e+00  4.98314122e+00 
 6.70276939e-03  5.00000000e+00  4.98330897e+00 
 6.71276939e-03  5.00000000e+00  4.98347505e+00 
 6.72276939e-03  5.00000000e+00  4.98363948e+00 
 6.73276939e-03  5.00000000e+00  4.98380227e+00 
 6.74276939e-03  5.00000000e+00  4.98396344e+00 
 6.75276939e-03  5.00000000e+00  4.98412301e+00 
 6.76276939e-03  5.00000000e+00  4.98428099e+00 
 6.77276939e-03  5.00000000e+00  4.98443740e+00 
 6.78276939e-03  5.00000000e+00  4.98459225e+00 
 6.79276939e-03  5.00000000e+00  4.98474556e+00 
 6.80276939e-03  5.00000000e+00  4.98489734e+00 
 6.81276939e-03  5.00000000e+00  4.98504762e+00 
 6.82276939e-03  5.00000000e+00  4.98519640e+00 
 6.83276939e-03  5.00000000e+00  4.98534370e+00 
 6.84276939e-03  5.00000000e+00  4.98548953e+00 
 6.85276939e-03  5.00000000e+00  4.98563392e+00 
 6.86276939e-03  5.00000000e+00  4.98577686e+00 
 6.87276939e-03  5.00000000e+00  4.98591839e+00 
 6.88276939e-03  5.00000000e+00  4.98605850e+00 
 6.89276939e-03  5.00000000e+00  4.98619722e+00 
 6.90276939e-03  5.00000000e+00  4.98633456e+00 
 6.91276939e-03  5.00000000e+00  4.98647054e+00 
 6.92276939e-03  5.00000000e+00  4.98660516e+00 
 6.93276939e-03  5.00000000e+00  4.98673844e+00 
 6.94276939e-03  5.00000000e+00  4.98687040e+00 
 6.95276939e-03  5.00000000e+00  4.98700104e+00 
 6.96276939e-03  5.00000000e+00  4.98713038e+00 
 6.97276939e-03  5.00000000e+00  4.98725844e+00 
 6.98276939e-03  5.00000000e+00  4.98738522e+00 
 6.99138470e-03  5.00000000e+00  4.98749343e+00 
 7.00000000e-03  5.00000000e+00  4.98760072e+00 
