 v-sweep         v(in)           v(led)          i(V1)          
 0.00000000e+00  0.00000000e+00  1.89794830e-34  5.75135850e-37 
 5.00000000e-02  5.00000000e-02  5.00000000e-02 -4.99995794e-14 
 1.00000000e-01  1.00000000e-01  1.00000000e-01 -9.99991167e-14 
 1.50000000e-01  1.50000000e-01  1.50000000e-01 -1.49998351e-13 
 2.00000000e-01  2.00000000e-01  2.00000000e-01 -1.99996888e-13 
 2.50000000e-01  2.50000000e-01  2.50000000e-01 -2.50004394e-13 
 3.00000000e-01  3.00000000e-01  3.00000000e-01 -3.00008368e-13 
 3.50000000e-01  3.50000000e-01  3.50000000e-01 -3.50009206e-13 
 4.00000000e-01  4.00000000e-01  4.00000000e-01 -4.00020858e-13 
 4.50000000e-01  4.50000000e-01  4.50000000e-01 -4.50064254e-13 
 5.00000000e-01  5.00000000e-01  5.00000000e-01 -5.00161816e-13 
 5.50000000e-01  5.50000000e-01  5.50000000e-01 -5.50399550e-13 
 6.00000000e-01  6.00000000e-01  6.00000000e-01 -6.01089952e-13 
 6.50000000e-01  6.50000000e-01  6.50000000e-01 -6.52877120e-13 
 7.00000000e-01  7.00000000e-01  7.00000000e-01 -7.07527991e-13 
 7.50000000e-01  7.50000000e-01  7.50000000e-01 -7.69783889e-13 
 8.00000000e-01  8.00000000e-01  8.00000000e-01 -8.52049370e-13 
 8.50000000e-01  8.50000000e-01  8.50000000e-01 -9.86814607e-13 
 9.00000000e-01  9.00000000e-01  9.00000000e-01 -1.25965559e-12 
 9.50000000e-01  9.50000000e-01  9.49999999e-01 -1.89550990e-12 
 1.00000000e+00  1.00000000e+00  9.99999999e-01 -3.48560728e-12 
 1.05000000e+00  1.05000000e+00  1.05000000e+00 -7.58442686e-12 
 1.10000000e+00  1.10000000e+00  1.09999999e+00 -1.82782282e-11 
 1.15000000e+00  1.15000000e+00  1.14999998e+00 -4.63096606e-11 
 1.20000000e+00  1.20000000e+00  1.19999996e+00 -1.19919516e-10 
 1.25000000e+00  1.25000000e+00  1.24999990e+00 -3.13349762e-10 
 1.30000000e+00  1.30000000e+00  1.29999973e+00 -8.21772012e-10 
 1.35000000e+00  1.35000000e+00  1.34999929e+00 -2.15825879e-09 
 1.40000000e+00  1.40000000e+00  1.39999813e+00 -5.67153851e-09 
 1.45000000e+00  1.45000000e+00  1.44999508e+00 -1.49067069e-08 
 1.50000000e+00  1.50000000e+00  1.49998707e+00 -3.91795639e-08 
 1.55000000e+00  1.55000000e+00  1.54996603e+00 -1.02953687e-07 
 1.60000000e+00  1.60000000e+00  1.59991078e+00 -2.70357739e-07 
 1.65000000e+00  1.65000000e+00  1.64976612e+00 -7.08721427e-07 
 1.70000000e+00  1.70000000e+00  1.69938969e+00 -1.84941645e-06 
 1.75000000e+00  1.75000000e+00  1.74842573e+00 -4.77052450e-06 
 1.80000000e+00  1.80000000e+00  1.79605112e+00 -1.19662889e-05 
 1.85000000e+00  1.85000000e+00  1.84065780e+00 -2.83097058e-05 
 1.90000000e+00  1.90000000e+00  1.88005425e+00 -6.04416654e-05 
 1.95000000e+00  1.95000000e+00  1.91269967e+00 -1.13031297e-04 
 2.00000000e+00  2.00000000e+00  1.93873319e+00 -1.85656987e-04 
 2.05000000e+00  2.05000000e+00  1.95940942e+00 -2.74516914e-04 
 2.10000000e+00  2.10000000e+00  1.97621772e+00 -3.75097810e-04 
 2.15000000e+00  2.15000000e+00  1.98998638e+00 -4.84889772e-04 
 2.20000000e+00  2.20000000e+00  2.00163257e+00 -6.01113435e-04 
 2.25000000e+00  2.25000000e+00  2.01170359e+00 -7.22110346e-04 
 2.30000000e+00  2.30000000e+00  2.02055657e+00 -8.46798272e-04 
 2.35000000e+00  2.35000000e+00  2.02844939e+00 -9.74395801e-04 
 2.40000000e+00  2.40000000e+00  2.03557110e+00 -1.10433000e-03 
 2.45000000e+00  2.45000000e+00  2.04206254e+00 -1.23617412e-03 
 2.50000000e+00  2.50000000e+00  2.04803077e+00 -1.36960374e-03 
 2.55000000e+00  2.55000000e+00  2.05355869e+00 -1.50436761e-03 
 2.60000000e+00  2.60000000e+00  2.05871161e+00 -1.64026785e-03 
 2.65000000e+00  2.65000000e+00  2.06354174e+00 -1.77714623e-03 
 2.70000000e+00  2.70000000e+00  2.06809141e+00 -1.91487451e-03 
 2.75000000e+00  2.75000000e+00  2.07239533e+00 -2.05334747e-03 
 2.80000000e+00  2.80000000e+00  2.07648231e+00 -2.19247784e-03 
 2.85000000e+00  2.85000000e+00  2.08037647e+00 -2.33219251e-03 
 2.90000000e+00  2.90000000e+00  2.08409822e+00 -2.47242964e-03 
 2.95000000e+00  2.95000000e+00  2.08766494e+00 -2.61313655e-03 
 3.00000000e+00  3.00000000e+00  2.09109156e+00 -2.75426799e-03 
 3.05000000e+00  3.05000000e+00  2.09439101e+00 -2.89578482e-03 
 3.10000000e+00  3.10000000e+00  2.09757451e+00 -3.03765300e-03 
 3.15000000e+00  3.15000000e+00  2.10065190e+00 -3.17984273e-03 
 3.20000000e+00  3.20000000e+00  2.10363183e+00 -3.32232779e-03 
 3.25000000e+00  3.25000000e+00  2.10652195e+00 -3.46508499e-03 
 3.30000000e+00  3.30000000e+00  2.10932906e+00 -3.60809375e-03 
 3.35000000e+00  3.35000000e+00  2.11205923e+00 -3.75133567e-03 
 3.40000000e+00  3.40000000e+00  2.11471788e+00 -3.89479431e-03 
 3.45000000e+00  3.45000000e+00  2.11730990e+00 -4.03845486e-03 
 3.50000000e+00  3.50000000e+00  2.11983969e+00 -4.18230398e-03 
 3.55000000e+00  3.55000000e+00  2.12231124e+00 -4.32632958e-03 
 3.60000000e+00  3.60000000e+00  2.12472817e+00 -4.47052069e-03 
 3.65000000e+00  3.65000000e+00  2.12709378e+00 -4.61486732e-03 
 3.70000000e+00  3.70000000e+00  2.12941109e+00 -4.75936035e-03 
 3.75000000e+00  3.75000000e+00  2.13168283e+00 -4.90399142e-03 
 3.80000000e+00  3.80000000e+00  2.13391155e+00 -5.04875288e-03 
 3.85000000e+00  3.85000000e+00  2.13609957e+00 -5.19363767e-03 
 3.90000000e+00  3.90000000e+00  2.13824903e+00 -5.33863930e-03 
 3.95000000e+00  3.95000000e+00  2.14036192e+00 -5.48375176e-03 
 4.00000000e+00  4.00000000e+00  2.14244006e+00 -5.62896950e-03 
 4.05000000e+00  4.05000000e+00  2.14448517e+00 -5.77428738e-03 
 4.10000000e+00  4.10000000e+00  2.14649881e+00 -5.91970059e-03 
 4.15000000e+00  4.15000000e+00  2.14848245e+00 -6.06520470e-03 
 4.20000000e+00  4.20000000e+00  2.15043747e+00 -6.21079554e-03 
 4.25000000e+00  4.25000000e+00  2.15236515e+00 -6.35646925e-03 
 4.30000000e+00  4.30000000e+00  2.15426668e+00 -6.50222220e-03 
 4.35000000e+00  4.35000000e+00  2.15614317e+00 -6.64805099e-03 
 4.40000000e+00  4.40000000e+00  2.15799569e+00 -6.79395246e-03 
 4.45000000e+00  4.45000000e+00  2.15982521e+00 -6.93992360e-03 
 4.50000000e+00  4.50000000e+00  2.16163267e+00 -7.08596162e-03 
 4.55000000e+00  4.55000000e+00  2.16341892e+00 -7.23206386e-03 
 4.60000000e+00  4.60000000e+00  2.16518481e+00 -7.37822785e-03 
 4.65000000e+00  4.65000000e+00  2.16693109e+00 -7.52445124e-03 
 4.70000000e+00  4.70000000e+00  2.16865851e+00 -7.67073180e-03 
 4.75000000e+00  4.75000000e+00  2.17036775e+00 -7.81706743e-03 
 4.80000000e+00  4.80000000e+00  2.17205947e+00 -7.96345616e-03 
 4.85000000e+00  4.85000000e+00  2.17373429e+00 -8.10989611e-03 
 4.90000000e+00  4.90000000e+00  2.17539279e+00 -8.25638548e-03 
 4.95000000e+00  4.95000000e+00  2.17703554e+00 -8.40292260e-03 
 5.00000000e+00  5.00000000e+00  2.17866307e+00 -8.54950585e-03 
